3 0.027829 0.510976 0.055657 0.274527
3 0.090914 0.554585 0.078349 0.241108
3 0.166333 0.480145 0.085037 0.278687
3 0.230095 0.530450 0.065596 0.235627
3 0.300889 0.479382 0.089672 0.245709
3 0.378332 0.492109 0.088293 0.288564
3 0.452195 0.492455 0.081583 0.264751
3 0.527416 0.522162 0.090385 0.260321
3 0.607515 0.508979 0.090679 0.280582
3 0.688559 0.447833 0.092087 0.295228
3 0.823154 0.546345 0.109019 0.372180
0 0.021821 0.304545 0.043643 0.123836
0 0.174024 0.279532 0.045910 0.116428
0 0.091453 0.357692 0.040150 0.112098
0 0.237926 0.341236 0.045396 0.105875
0 0.304068 0.271226 0.046544 0.129417
0 0.385445 0.289027 0.045136 0.114771
0 0.449218 0.296205 0.046108 0.120487
0 0.524320 0.328346 0.046131 0.106721
0 0.615839 0.295378 0.049127 0.125493
0 0.684146 0.223846 0.056516 0.134762
0 0.829477 0.259412 0.075047 0.159151
