3 0.960156 0.492187 0.078125 0.260937
3 0.871875 0.530469 0.075000 0.228906
3 0.791406 0.455469 0.080469 0.264844
3 0.717187 0.500781 0.060938 0.224219
3 0.640625 0.448438 0.087500 0.232813
3 0.553125 0.457031 0.083594 0.274219
3 0.470312 0.453906 0.077344 0.251562
3 0.384375 0.478906 0.087500 0.246875
3 0.295313 0.462500 0.086719 0.266406
3 0.207812 0.400000 0.087500 0.280469
3 0.051562 0.488281 0.102344 0.353906
0 0.965625 0.293750 0.047656 0.117188
0 0.793750 0.262500 0.045313 0.110156
0 0.882031 0.341406 0.039062 0.106250
0 0.718750 0.318750 0.045313 0.100000
0 0.648438 0.248437 0.045313 0.122656
0 0.556250 0.261719 0.044531 0.108594
0 0.484375 0.265625 0.045313 0.114062
0 0.398438 0.292969 0.046094 0.100781
0 0.297656 0.257031 0.048437 0.118750
0 0.225000 0.185156 0.056250 0.127344
0 0.060156 0.212500 0.075781 0.150000
