3 0.028206 0.325202 0.056412 0.320582
3 0.070301 0.389204 0.135678 0.282658
3 0.175680 0.319798 0.150105 0.325641
3 0.245901 0.388866 0.119246 0.274102
3 0.341684 0.344934 0.150223 0.289960
3 0.435031 0.374253 0.155720 0.337229
3 0.526031 0.388915 0.143570 0.309512
3 0.613810 0.436960 0.153536 0.306307
3 0.714751 0.437564 0.157286 0.328838
3 0.824848 0.384241 0.161451 0.345357
3 0.938446 0.521380 0.123109 0.434003
0 0.031832 0.093323 0.063664 0.146751
0 0.218589 0.094966 0.075342 0.138060
0 0.103774 0.167187 0.067609 0.132138
0 0.287084 0.176921 0.072949 0.126254
0 0.380288 0.110720 0.078287 0.152590
0 0.477641 0.146524 0.074122 0.136071
0 0.555062 0.166943 0.076262 0.142601
0 0.642289 0.217713 0.073985 0.127335
0 0.760604 0.198201 0.080773 0.148740
0 0.856731 0.130702 0.091313 0.160455
0 0.985497 0.198903 0.029006 0.191107
