4 0.042500 0.915919 0.065000 0.045714
4 0.127500 0.818775 0.065000 0.044082
4 0.085000 0.382041 0.040000 0.035918
4 0.027500 0.344490 0.035000 0.029388
4 0.298750 0.102041 0.052500 0.032653
4 0.260000 0.292245 0.055000 0.027755
4 0.265000 0.524898 0.045000 0.035918
4 0.375000 0.958368 0.070000 0.042449
4 0.518750 0.771429 0.062500 0.032653
4 0.566250 0.857143 0.072500 0.040816
4 0.498750 0.458775 0.057500 0.037551
4 0.483750 0.305306 0.062500 0.034286
4 0.491250 0.173061 0.057500 0.029388
4 0.641250 0.518368 0.047500 0.032653
4 0.661250 0.300408 0.052500 0.035918
4 0.746250 0.299592 0.057500 0.037551
4 0.932500 0.666939 0.070000 0.029388
4 0.892500 0.371429 0.060000 0.032653
4 0.822500 0.226123 0.045000 0.029388
4 0.820000 0.110204 0.045000 0.024490
