4 0.433750 0.749813 0.132500 0.080899
4 0.538750 0.844195 0.072500 0.064420
4 0.670000 0.883895 0.125000 0.082397
4 0.818750 0.807491 0.092500 0.062921
4 0.656250 0.500374 0.067500 0.047940
4 0.722500 0.457678 0.070000 0.043446
4 0.511250 0.405993 0.047500 0.034457
4 0.563750 0.353558 0.057500 0.034457
4 0.598750 0.238202 0.037500 0.025468
4 0.683750 0.216480 0.037500 0.023970
4 0.536250 0.223971 0.037500 0.023970
4 0.582500 0.170786 0.030000 0.017978
4 0.650000 0.159550 0.035000 0.017978
4 0.742500 0.146067 0.035000 0.014981
4 0.917500 0.143820 0.025000 0.011985
