4 0.032500 0.264748 0.055000 0.031655
4 0.088750 0.294964 0.032500 0.021583
4 0.242500 0.246762 0.035000 0.024460
4 0.307500 0.256115 0.050000 0.034532
4 0.346250 0.256115 0.027500 0.020144
4 0.396250 0.294964 0.037500 0.021583
4 0.468750 0.292086 0.037500 0.020144
4 0.568750 0.338130 0.052500 0.028777
4 0.617500 0.238848 0.045000 0.025899
4 0.716250 0.255396 0.032500 0.021583
4 0.753750 0.256115 0.042500 0.027338
4 0.831250 0.349641 0.047500 0.027338
4 0.906250 0.293525 0.042500 0.031655
4 0.425000 0.273381 0.020000 0.014388
