4 0.110000 0.643690 0.080000 0.071845
4 0.070000 0.315534 0.065000 0.058252
4 0.138750 0.168932 0.057500 0.060194
4 0.227500 0.567961 0.065000 0.067961
4 0.167500 0.453398 0.055000 0.054369
4 0.335000 0.659224 0.060000 0.079612
4 0.275000 0.975728 0.095000 0.048544
4 0.430000 0.961166 0.110000 0.077670
4 0.422500 0.416505 0.070000 0.069903
4 0.343750 0.291262 0.062500 0.058252
4 0.547500 0.427184 0.060000 0.058252
4 0.581250 0.836893 0.082500 0.064078
4 0.631250 0.643690 0.062500 0.071845
4 0.607500 0.379612 0.065000 0.066020
4 0.665000 0.171845 0.055000 0.054369
4 0.768750 0.466019 0.057500 0.058252
4 0.810000 0.745631 0.090000 0.081553
4 0.861250 0.701942 0.057500 0.062136
4 0.967500 0.516505 0.070000 0.073786
4 0.928750 0.251456 0.062500 0.060194
4 0.946250 0.088350 0.052500 0.036893
4 0.851250 0.408738 0.067500 0.056311
4 0.976250 0.957282 0.047500 0.085437
