4 0.011250 0.363556 0.017500 0.010667
4 0.117500 0.389333 0.020000 0.012444
4 0.036250 0.475556 0.037500 0.026667
4 0.097500 0.564444 0.030000 0.026667
4 0.208750 0.473777 0.052500 0.039111
4 0.231250 0.389333 0.022500 0.021333
4 0.260000 0.356444 0.020000 0.016000
4 0.326250 0.368000 0.012500 0.010667
4 0.301250 0.406223 0.017500 0.014222
4 0.322500 0.496889 0.035000 0.028444
4 0.355000 0.456000 0.020000 0.021333
4 0.401250 0.482666 0.057500 0.039111
4 0.455000 0.671111 0.065000 0.053333
4 0.597500 0.493333 0.025000 0.026667
4 0.645000 0.422222 0.020000 0.017778
4 0.690000 0.523555 0.035000 0.028444
4 0.850000 0.743111 0.160000 0.122667
4 0.942500 0.783111 0.060000 0.051556
