4 0.047500 0.502304 0.020000 0.018433
4 0.135000 0.571428 0.035000 0.027650
4 0.183750 0.565899 0.057500 0.047926
4 0.231250 0.525345 0.032500 0.027650
4 0.322500 0.711521 0.060000 0.042396
4 0.048750 0.428571 0.012500 0.009216
4 0.095000 0.427650 0.015000 0.011060
4 0.118750 0.439631 0.022500 0.014746
4 0.141250 0.435944 0.017500 0.012903
4 0.297500 0.450691 0.025000 0.020276
4 0.321250 0.463594 0.017500 0.012903
4 0.336250 0.526267 0.027500 0.016590
4 0.360000 0.422119 0.015000 0.012903
4 0.443750 0.489402 0.027500 0.016590
4 0.422500 0.662672 0.030000 0.020276
4 0.497500 0.485714 0.020000 0.023963
4 0.538750 0.521659 0.032500 0.025806
4 0.526250 0.664516 0.042500 0.053456
4 0.466250 0.388940 0.017500 0.014746
4 0.423750 0.393548 0.022500 0.014746
4 0.643750 0.526267 0.042500 0.025806
4 0.578750 0.448848 0.022500 0.014746
4 0.680000 0.380645 0.015000 0.012903
4 0.667500 0.340092 0.015000 0.011060
4 0.780000 0.770507 0.130000 0.099539
4 0.962500 0.447005 0.040000 0.036866
4 0.875000 0.469124 0.025000 0.020276
4 0.076250 0.610138 0.017500 0.014746
4 0.065000 0.423042 0.015000 0.011060
