4 0.047500 0.297992 0.050000 0.038554
4 0.110000 0.277912 0.060000 0.038554
4 0.277500 0.178313 0.045000 0.036948
4 0.240000 0.376707 0.045000 0.041767
4 0.317500 0.333334 0.050000 0.040161
4 0.398750 0.344578 0.057500 0.041767
4 0.448750 0.262651 0.057500 0.036948
4 0.513750 0.317270 0.057500 0.040161
4 0.572500 0.284337 0.060000 0.041767
4 0.695000 0.307630 0.050000 0.035341
4 0.748750 0.320482 0.042500 0.041767
4 0.840000 0.286747 0.065000 0.044980
4 0.945000 0.272289 0.060000 0.041767
4 0.343750 0.227309 0.052500 0.035341
4 0.991250 0.409638 0.022500 0.032128
