4 0.267500 0.127601 0.025000 0.025339
4 0.237500 0.171946 0.040000 0.027149
4 0.165000 0.677828 0.080000 0.056108
4 0.338750 0.562896 0.062500 0.050679
4 0.420000 0.348417 0.055000 0.045249
4 0.402500 0.047059 0.020000 0.014480
4 0.458750 0.067874 0.017500 0.018100
4 0.557500 0.098642 0.030000 0.019910
4 0.543750 0.285973 0.052500 0.043439
4 0.571250 0.464254 0.062500 0.048869
4 0.653750 0.281448 0.057500 0.043439
4 0.812500 0.183710 0.035000 0.030769
4 0.788750 0.066064 0.027500 0.021720
4 0.852500 0.060633 0.035000 0.023530
4 0.901250 0.081448 0.032500 0.018100
