4 0.046250 0.625333 0.072500 0.042667
4 0.085000 0.448667 0.035000 0.022667
4 0.118750 0.408667 0.022500 0.016000
4 0.197500 0.444667 0.035000 0.017333
4 0.235000 0.378000 0.025000 0.017333
4 0.172500 0.360667 0.020000 0.012000
4 0.287500 0.583333 0.105000 0.066667
4 0.403750 0.400667 0.022500 0.012000
4 0.290000 0.364667 0.020000 0.010667
4 0.443750 0.472667 0.037500 0.021333
4 0.543750 0.472667 0.057500 0.034667
4 0.492500 0.404000 0.015000 0.012000
4 0.448750 0.392667 0.017500 0.008000
4 0.585000 0.366667 0.025000 0.013333
4 0.702500 0.404667 0.025000 0.010667
4 0.748750 0.456667 0.022500 0.013333
4 0.826250 0.470000 0.047500 0.026667
4 0.892500 0.413333 0.020000 0.013333
4 0.990000 0.487333 0.020000 0.025333
4 0.662500 0.376667 0.010000 0.006667
4 0.702500 0.352667 0.015000 0.008000
4 0.731250 0.370000 0.012500 0.006667
4 0.777500 0.413333 0.020000 0.013333
4 0.962500 0.403333 0.020000 0.013333
4 0.985000 0.379333 0.010000 0.008000
