4 0.046250 0.420444 0.082500 0.039111
4 0.142500 0.424000 0.090000 0.067556
4 0.210000 0.374222 0.040000 0.033778
4 0.346250 0.739555 0.112500 0.076444
4 0.445000 0.695111 0.085000 0.058667
4 0.588750 0.710222 0.132500 0.090667
4 0.498750 0.490667 0.042500 0.058667
4 0.175000 0.232000 0.035000 0.033778
4 0.123750 0.162667 0.042500 0.030222
4 0.031250 0.247111 0.057500 0.048000
4 0.196250 0.061334 0.027500 0.019556
4 0.246250 0.136889 0.022500 0.019556
4 0.265000 0.218666 0.045000 0.033778
4 0.412500 0.352889 0.040000 0.040889
4 0.381250 0.236445 0.037500 0.024889
4 0.336250 0.184000 0.037500 0.023111
4 0.378750 0.175111 0.042500 0.023111
4 0.335000 0.073778 0.025000 0.021333
4 0.293750 0.076444 0.012500 0.016000
4 0.396250 0.096889 0.022500 0.019556
4 0.412500 0.132445 0.030000 0.019556
4 0.513750 0.239111 0.042500 0.037333
4 0.506250 0.307555 0.042500 0.033778
4 0.518750 0.069333 0.012500 0.021333
4 0.580000 0.075555 0.020000 0.017778
4 0.638750 0.060444 0.027500 0.021333
4 0.681250 0.410667 0.062500 0.040889
4 0.688750 0.203555 0.027500 0.028444
4 0.683750 0.549334 0.027500 0.030222
4 0.750000 0.632000 0.080000 0.069333
4 0.818750 0.852445 0.122500 0.099556
4 0.850000 0.319111 0.060000 0.046222
4 0.897500 0.295111 0.035000 0.040889
4 0.741250 0.384889 0.052500 0.030222
4 0.798750 0.240889 0.047500 0.033778
4 0.782500 0.142223 0.045000 0.035556
4 0.915000 0.148444 0.020000 0.023111
