4 0.196250 0.492920 0.077500 0.058407
4 0.092500 0.378761 0.060000 0.047788
4 0.283750 0.284956 0.052500 0.031858
4 0.350000 0.266371 0.060000 0.033628
4 0.427500 0.311505 0.050000 0.031858
4 0.473750 0.390265 0.057500 0.042478
4 0.548750 0.394690 0.067500 0.033628
4 0.381250 0.111505 0.022500 0.015929
4 0.467500 0.097345 0.025000 0.017699
4 0.676250 0.504425 0.092500 0.061947
4 0.131250 0.230973 0.037500 0.033628
4 0.267500 0.203540 0.045000 0.026549
4 0.577500 0.069027 0.015000 0.012389
4 0.798750 0.958407 0.067500 0.074336
4 0.841250 0.593805 0.087500 0.069026
4 0.826250 0.320354 0.067500 0.040708
4 0.818750 0.454867 0.037500 0.037168
4 0.778750 0.240708 0.042500 0.040708
4 0.871250 0.194691 0.032500 0.026549
