4 0.400000 0.294223 0.070000 0.051556
4 0.541250 0.431111 0.057500 0.044444
4 0.291250 0.956444 0.132500 0.087111
4 0.538750 0.974223 0.122500 0.051556
4 0.841250 0.236444 0.057500 0.042667
4 0.647500 0.188445 0.065000 0.040889
4 0.727500 0.200889 0.060000 0.051556
4 0.515000 0.294223 0.065000 0.051556
4 0.530000 0.073778 0.025000 0.030222
4 0.410000 0.116444 0.045000 0.033778
4 0.272500 0.054223 0.030000 0.024889
4 0.160000 0.113778 0.045000 0.030222
4 0.052500 0.146667 0.050000 0.026667
4 0.207500 0.076445 0.030000 0.024889
4 0.790000 0.068444 0.040000 0.032000
