4 0.047500 0.629900 0.085000 0.049170
4 0.087500 0.446511 0.040000 0.023920
4 0.123750 0.406645 0.027500 0.017276
4 0.172500 0.359468 0.025000 0.011960
4 0.023750 0.370099 0.022500 0.010631
4 0.198750 0.443190 0.037500 0.017276
4 0.236250 0.374086 0.027500 0.015947
4 0.287500 0.578737 0.115000 0.065116
4 0.292500 0.363455 0.025000 0.010631
4 0.378750 0.374751 0.017500 0.007974
4 0.401250 0.401994 0.027500 0.013289
4 0.443750 0.473090 0.042500 0.023920
4 0.543750 0.471097 0.062500 0.034552
4 0.508750 0.415947 0.022500 0.018605
4 0.446250 0.390698 0.017500 0.009302
4 0.586250 0.362791 0.027500 0.011960
4 0.702500 0.403322 0.025000 0.010631
4 0.701250 0.354153 0.017500 0.009302
4 0.747500 0.451827 0.025000 0.013289
4 0.728750 0.368770 0.017500 0.006644
4 0.777500 0.409302 0.020000 0.011960
4 0.826250 0.465781 0.047500 0.025249
4 0.892500 0.411960 0.025000 0.013289
4 0.988750 0.481727 0.022500 0.026578
4 0.962500 0.398671 0.030000 0.013289
