4 0.098750 0.753558 0.042500 0.028464
4 0.176250 0.713858 0.017500 0.017978
4 0.262500 0.774531 0.040000 0.023970
4 0.355000 0.600749 0.035000 0.019476
4 0.323750 0.716854 0.037500 0.019476
4 0.416250 0.695881 0.037500 0.023970
4 0.457500 0.646442 0.035000 0.025468
4 0.550000 0.608989 0.030000 0.017978
4 0.505000 0.721348 0.040000 0.025468
4 0.528750 0.797753 0.042500 0.029962
4 0.601250 0.602247 0.037500 0.023970
4 0.568750 0.498127 0.027500 0.014981
4 0.513750 0.463671 0.022500 0.016480
4 0.617500 0.504869 0.025000 0.016480
4 0.730000 0.426966 0.025000 0.014981
4 0.788750 0.435955 0.017500 0.011985
4 0.907500 0.513857 0.025000 0.013483
