4 0.091250 0.856000 0.062500 0.034667
4 0.221250 0.856000 0.057500 0.034667
4 0.332500 0.883333 0.055000 0.033333
4 0.506250 0.929333 0.067500 0.034667
4 0.796250 0.792000 0.062500 0.029333
4 0.955000 0.853333 0.055000 0.020000
4 0.666250 0.684667 0.057500 0.030667
4 0.851250 0.528000 0.047500 0.024000
4 0.981250 0.590667 0.032500 0.025333
4 0.721250 0.522667 0.037500 0.021333
4 0.545000 0.702667 0.055000 0.028000
4 0.410000 0.669333 0.055000 0.028000
4 0.227500 0.614667 0.030000 0.030667
4 0.190000 0.600667 0.055000 0.032000
4 0.122500 0.595333 0.050000 0.029333
4 0.015000 0.568667 0.025000 0.029333
4 0.022500 0.408000 0.040000 0.017333
4 0.132500 0.411333 0.045000 0.024000
4 0.265000 0.448667 0.040000 0.022667
4 0.345000 0.441333 0.045000 0.024000
4 0.471250 0.501333 0.052500 0.024000
4 0.572500 0.514667 0.050000 0.024000
4 0.966250 0.374667 0.042500 0.024000
4 0.816250 0.338000 0.027500 0.024000
4 0.725000 0.327333 0.040000 0.025333
4 0.652500 0.320667 0.045000 0.018667
4 0.540000 0.271333 0.040000 0.024000
4 0.485000 0.278000 0.035000 0.024000
4 0.375000 0.234667 0.035000 0.024000
4 0.293750 0.249333 0.032500 0.021333
4 0.181250 0.222667 0.032500 0.021333
4 0.087500 0.224000 0.040000 0.025333
4 0.021250 0.212000 0.037500 0.022667
4 0.020000 0.114000 0.030000 0.018667
4 0.118750 0.120667 0.022500 0.018667
4 0.208750 0.159333 0.032500 0.021333
4 0.335000 0.165333 0.030000 0.022667
4 0.486250 0.138667 0.027500 0.022667
4 0.575000 0.171333 0.035000 0.024000
4 0.697500 0.201333 0.035000 0.024000
4 0.790000 0.180667 0.040000 0.025333
4 0.902500 0.212000 0.035000 0.022667
4 0.987500 0.231333 0.025000 0.024000
4 0.817500 0.077333 0.030000 0.018667
4 0.742500 0.086667 0.035000 0.020000
4 0.643750 0.082000 0.032500 0.022667
4 0.600000 0.035333 0.025000 0.016000
4 0.516250 0.074000 0.032500 0.018667
4 0.448750 0.075333 0.032500 0.016000
4 0.381250 0.064000 0.032500 0.018667
4 0.293750 0.047333 0.037500 0.018667
4 0.177500 0.066000 0.025000 0.014667
4 0.112500 0.040667 0.025000 0.018667
