4 0.217500 0.304425 0.050000 0.028318
4 0.307500 0.292920 0.045000 0.033628
4 0.130000 0.669911 0.050000 0.058407
4 0.371250 0.927433 0.097500 0.074336
4 0.372500 0.553983 0.065000 0.051328
4 0.371250 0.376107 0.062500 0.035398
4 0.463750 0.219468 0.042500 0.038938
4 0.445000 0.270796 0.030000 0.033628
4 0.511250 0.213274 0.042500 0.033628
4 0.465000 0.483185 0.055000 0.042478
4 0.457500 0.656637 0.065000 0.040708
4 0.563750 0.549558 0.062500 0.051328
4 0.617500 0.953982 0.090000 0.065487
4 0.645000 0.599115 0.070000 0.049558
4 0.703750 0.832744 0.052500 0.060177
4 0.680000 0.437168 0.050000 0.037168
4 0.758750 0.561947 0.057500 0.044248
4 0.820000 0.143363 0.035000 0.031858
4 0.840000 0.532744 0.070000 0.031858
