4 0.085000 0.295575 0.050000 0.037168
4 0.170000 0.349558 0.045000 0.035398
4 0.351250 0.329204 0.057500 0.040708
4 0.406250 0.309735 0.042500 0.035398
4 0.452500 0.545133 0.055000 0.042478
4 0.480000 0.292920 0.030000 0.024779
4 0.528750 0.288495 0.027500 0.033628
4 0.561250 0.304425 0.042500 0.037168
4 0.613750 0.333629 0.037500 0.031858
4 0.651250 0.375221 0.042500 0.037168
4 0.715000 0.402655 0.055000 0.044248
4 0.767500 0.276991 0.035000 0.030088
4 0.882500 0.257522 0.045000 0.033628
4 0.940000 0.282301 0.050000 0.037168
4 0.368750 0.252213 0.037500 0.026549
4 0.301250 0.248672 0.037500 0.024779
