4 0.085000 0.256180 0.045000 0.026966
4 0.188750 0.132585 0.032500 0.019476
4 0.256250 0.302621 0.042500 0.023970
4 0.371250 0.103371 0.032500 0.017978
4 0.415000 0.167041 0.040000 0.025468
4 0.518750 0.383521 0.052500 0.034457
4 0.456250 0.101124 0.037500 0.022472
4 0.520000 0.109363 0.035000 0.020974
4 0.620000 0.289138 0.045000 0.028464
4 0.607500 0.225468 0.035000 0.020974
4 0.600000 0.053183 0.025000 0.013483
4 0.666250 0.149064 0.032500 0.016480
4 0.750000 0.072659 0.030000 0.019476
4 0.768750 0.071910 0.012500 0.013483
4 0.955000 0.114607 0.030000 0.017978
