4 0.121250 0.638951 0.072500 0.032959
4 0.247500 0.587266 0.060000 0.031461
4 0.313750 0.558053 0.047500 0.029962
4 0.382500 0.856180 0.075000 0.040450
4 0.475000 0.499626 0.065000 0.034457
4 0.770000 0.495880 0.080000 0.041948
4 0.935000 0.558053 0.040000 0.029962
4 0.531250 0.415730 0.037500 0.029962
4 0.625000 0.376779 0.025000 0.025468
4 0.562500 0.280899 0.035000 0.022472
4 0.463750 0.245693 0.027500 0.017978
4 0.162500 0.465918 0.035000 0.026966
4 0.150000 0.377529 0.025000 0.016480
4 0.356250 0.438202 0.042500 0.022472
4 0.313750 0.275655 0.022500 0.017978
4 0.152500 0.268165 0.025000 0.017978
4 0.210000 0.333333 0.025000 0.014981
4 0.096250 0.355805 0.022500 0.014981
4 0.077500 0.293633 0.020000 0.011985
4 0.225000 0.226217 0.020000 0.011985
