4 0.120000 0.641948 0.070000 0.034457
4 0.248750 0.591760 0.057500 0.037453
4 0.383750 0.856180 0.072500 0.040450
4 0.313750 0.562547 0.047500 0.028464
4 0.358750 0.439701 0.042500 0.026966
4 0.162500 0.462173 0.035000 0.026966
4 0.151250 0.376779 0.022500 0.017978
4 0.211250 0.333333 0.022500 0.014981
4 0.472500 0.502621 0.065000 0.035955
4 0.532500 0.416479 0.040000 0.028464
4 0.768750 0.498876 0.082500 0.043446
4 0.933750 0.559551 0.037500 0.034457
4 0.626250 0.379776 0.022500 0.026966
4 0.560000 0.280149 0.035000 0.023970
4 0.465000 0.245693 0.030000 0.017978
4 0.313750 0.274907 0.022500 0.019476
4 0.095000 0.358801 0.020000 0.023970
4 0.075000 0.298127 0.020000 0.017978
4 0.152500 0.266666 0.030000 0.020974
4 0.227500 0.225468 0.020000 0.013483
