4 0.075000 0.084644 0.025000 0.017978
4 0.150000 0.067416 0.025000 0.014981
4 0.312500 0.104869 0.025000 0.022472
4 0.431250 0.047191 0.027500 0.017978
4 0.068750 0.221723 0.032500 0.020974
4 0.148750 0.185768 0.032500 0.017978
4 0.282500 0.180524 0.030000 0.020974
4 0.305000 0.245693 0.030000 0.017978
4 0.243750 0.324344 0.032500 0.017978
4 0.081250 0.311610 0.037500 0.020974
4 0.037500 0.382023 0.035000 0.022472
4 0.107500 0.429213 0.035000 0.017978
4 0.105000 0.504869 0.030000 0.023970
4 0.166250 0.535581 0.032500 0.022472
4 0.175000 0.620225 0.045000 0.025468
4 0.127500 0.819476 0.045000 0.023970
4 0.152500 0.948314 0.045000 0.028464
4 0.255000 0.891386 0.045000 0.022472
4 0.330000 0.521348 0.040000 0.020974
4 0.350000 0.376030 0.030000 0.019476
4 0.380000 0.843445 0.045000 0.028464
4 0.443750 0.585768 0.037500 0.026966
4 0.503750 0.113108 0.027500 0.013483
4 0.527500 0.174532 0.030000 0.017978
4 0.591250 0.129588 0.027500 0.017978
4 0.565000 0.219476 0.030000 0.017978
4 0.661250 0.208240 0.032500 0.017978
4 0.635000 0.272659 0.035000 0.023970
4 0.600000 0.423221 0.035000 0.022472
4 0.552500 0.515356 0.035000 0.025468
4 0.718750 0.817228 0.042500 0.028464
4 0.772500 0.399251 0.035000 0.025468
4 0.801250 0.568539 0.037500 0.023970
4 0.790000 0.059925 0.030000 0.014981
4 0.816250 0.043446 0.022500 0.017978
4 0.841250 0.131086 0.032500 0.014981
4 0.958750 0.366293 0.037500 0.016480
4 0.900000 0.513109 0.035000 0.022472
4 0.923750 0.707116 0.032500 0.023970
4 0.955000 0.757303 0.050000 0.020974
