4 0.026250 0.188444 0.042500 0.032000
4 0.085000 0.241778 0.055000 0.040889
4 0.048750 0.900445 0.077500 0.056889
4 0.262500 0.134222 0.060000 0.033778
4 0.276250 0.421334 0.057500 0.046222
4 0.126250 0.785777 0.072500 0.055111
4 0.378750 0.955556 0.067500 0.053333
4 0.488750 0.139556 0.067500 0.040889
4 0.501250 0.333333 0.062500 0.044444
4 0.518750 0.727111 0.057500 0.039111
4 0.570000 0.832000 0.075000 0.051556
4 0.662500 0.136000 0.060000 0.039111
4 0.642500 0.413333 0.055000 0.044444
4 0.750000 0.144000 0.070000 0.049778
4 0.826250 0.054223 0.052500 0.024889
4 0.896250 0.232889 0.067500 0.040889
4 0.932500 0.604444 0.075000 0.044444
