4 0.111250 0.550442 0.077500 0.076106
4 0.275000 0.361946 0.090000 0.054867
4 0.088750 0.253097 0.047500 0.033628
4 0.328750 0.120354 0.042500 0.033628
4 0.463750 0.361061 0.052500 0.038938
4 0.526250 0.292036 0.037500 0.035398
4 0.625000 0.307964 0.035000 0.038938
4 0.575000 0.494690 0.060000 0.046018
4 0.607500 0.713275 0.060000 0.051328
4 0.766250 0.466372 0.067500 0.040708
4 0.601250 0.078761 0.027500 0.028318
4 0.826250 0.146017 0.037500 0.017699
4 0.960000 0.251327 0.070000 0.054867
4 0.470000 0.129203 0.020000 0.024779
