4 0.083750 0.251327 0.052500 0.037168
4 0.168750 0.306194 0.042500 0.033628
4 0.300000 0.204425 0.030000 0.024779
4 0.352500 0.292921 0.055000 0.042478
4 0.367500 0.204425 0.035000 0.024779
4 0.407500 0.261947 0.040000 0.033628
4 0.450000 0.499115 0.055000 0.037168
4 0.477500 0.248672 0.030000 0.024779
4 0.530000 0.246017 0.030000 0.030088
4 0.563750 0.261062 0.042500 0.035398
4 0.613750 0.286726 0.037500 0.028318
4 0.653750 0.331859 0.047500 0.035398
4 0.712500 0.352212 0.055000 0.038938
4 0.765000 0.236283 0.040000 0.031858
4 0.883750 0.216814 0.042500 0.035398
4 0.941250 0.242478 0.042500 0.037168
4 0.841250 0.228318 0.022500 0.021239
