4 0.670000 0.715754 0.120000 0.075342
4 0.803750 0.618494 0.132500 0.078082
4 0.942500 0.486301 0.060000 0.041096
4 0.828750 0.284247 0.067500 0.034246
4 0.931250 0.243151 0.032500 0.027397
4 0.687500 0.398630 0.080000 0.045206
4 0.632500 0.221233 0.045000 0.030137
4 0.563750 0.484932 0.072500 0.043836
4 0.368750 0.493151 0.072500 0.047945
4 0.510000 0.388356 0.060000 0.031507
4 0.252500 0.443836 0.060000 0.030137
4 0.118750 0.562328 0.072500 0.046575
4 0.052500 0.405479 0.055000 0.031507
4 0.241250 0.245890 0.057500 0.028767
4 0.358750 0.193836 0.052500 0.030137
4 0.480000 0.235617 0.030000 0.021918
4 0.533750 0.275342 0.032500 0.024658
4 0.143750 0.197261 0.057500 0.030137
