4 0.018750 0.533333 0.022500 0.017778
4 0.077500 0.819556 0.020000 0.014222
4 0.075000 0.511111 0.025000 0.017778
4 0.140000 0.522667 0.025000 0.021333
4 0.135000 0.391111 0.025000 0.017778
4 0.186250 0.400000 0.012500 0.017778
4 0.093750 0.169778 0.017500 0.016000
4 0.275000 0.708444 0.030000 0.023111
4 0.341250 0.917333 0.032500 0.023111
4 0.305000 0.642667 0.025000 0.021333
4 0.277500 0.431111 0.020000 0.017778
4 0.375000 0.506666 0.020000 0.017778
4 0.395000 0.718222 0.030000 0.021333
4 0.431250 0.836445 0.027500 0.024889
4 0.400000 0.823111 0.030000 0.024889
4 0.483750 0.933333 0.017500 0.017778
4 0.493750 0.677333 0.027500 0.023111
4 0.476250 0.619556 0.032500 0.014222
4 0.453750 0.471111 0.027500 0.017778
4 0.361250 0.391111 0.027500 0.017778
4 0.233750 0.273777 0.022500 0.012444
4 0.383750 0.289778 0.022500 0.016000
4 0.362500 0.223111 0.025000 0.016000
4 0.278750 0.095111 0.017500 0.014222
4 0.315000 0.064000 0.015000 0.014222
4 0.341250 0.179556 0.017500 0.014222
4 0.417500 0.171555 0.020000 0.012444
4 0.256250 0.219556 0.017500 0.014222
4 0.440000 0.392000 0.025000 0.016000
4 0.476250 0.336889 0.022500 0.019556
4 0.508750 0.382222 0.022500 0.017778
4 0.520000 0.498667 0.020000 0.016000
4 0.633750 0.899555 0.032500 0.023111
4 0.677500 0.988444 0.035000 0.023111
4 0.625000 0.587556 0.025000 0.016000
4 0.632500 0.419556 0.025000 0.014222
4 0.563750 0.400000 0.022500 0.017778
4 0.582500 0.361778 0.020000 0.014222
4 0.588750 0.295111 0.017500 0.014222
4 0.532500 0.219556 0.020000 0.014222
4 0.332500 0.029333 0.015000 0.012444
4 0.452500 0.046223 0.020000 0.014222
4 0.521250 0.090667 0.017500 0.014222
4 0.565000 0.042666 0.015000 0.012444
4 0.653750 0.152889 0.017500 0.014222
4 0.665000 0.296000 0.020000 0.012444
4 0.702500 0.409778 0.020000 0.016000
4 0.732500 0.633778 0.030000 0.021333
4 0.728750 0.462222 0.022500 0.017778
4 0.752500 0.511111 0.025000 0.017778
4 0.766250 0.435555 0.022500 0.017778
4 0.761250 0.604444 0.022500 0.017778
4 0.710000 0.087111 0.015000 0.012444
4 0.671250 0.029333 0.017500 0.012444
4 0.736250 0.029333 0.012500 0.012444
4 0.771250 0.047111 0.012500 0.012444
4 0.812500 0.223111 0.020000 0.016000
4 0.866250 0.127111 0.017500 0.012444
4 0.911250 0.122666 0.017500 0.012444
4 0.897500 0.197334 0.020000 0.014222
4 0.891250 0.276444 0.022500 0.016000
4 0.858750 0.307556 0.017500 0.016000
4 0.912500 0.325333 0.020000 0.016000
4 0.953750 0.261333 0.012500 0.010667
4 0.925000 0.395555 0.025000 0.017778
4 0.957500 0.472000 0.025000 0.016000
4 0.970000 0.324444 0.020000 0.017778
4 0.860000 0.088000 0.015000 0.010667
4 0.990000 0.696000 0.020000 0.021333
4 0.988750 0.603556 0.022500 0.019556
4 0.941250 0.526223 0.022500 0.014222
