4 0.130000 0.056835 0.015000 0.008633
4 0.090000 0.210072 0.020000 0.011511
4 0.131250 0.384172 0.027500 0.015827
4 0.178750 0.391366 0.017500 0.015827
4 0.017500 0.495683 0.025000 0.015827
4 0.072500 0.475539 0.025000 0.012950
4 0.132500 0.488489 0.030000 0.015827
4 0.076250 0.716547 0.027500 0.012950
4 0.363750 0.027338 0.017500 0.010072
4 0.353750 0.069065 0.022500 0.012950
4 0.317500 0.102878 0.015000 0.010072
4 0.302500 0.130935 0.015000 0.011511
4 0.267500 0.159712 0.020000 0.011511
4 0.246250 0.247482 0.017500 0.008633
4 0.223750 0.293525 0.017500 0.010072
4 0.265000 0.414388 0.020000 0.012950
4 0.262500 0.628057 0.030000 0.017266
4 0.326250 0.795684 0.032500 0.020144
4 0.246250 0.967626 0.037500 0.021583
4 0.455000 0.025180 0.010000 0.007194
4 0.420000 0.066907 0.015000 0.010072
4 0.393750 0.078417 0.017500 0.008633
4 0.432500 0.119424 0.020000 0.012950
4 0.326250 0.217986 0.017500 0.010072
4 0.398750 0.217266 0.017500 0.011511
4 0.368750 0.306475 0.022500 0.012950
4 0.343750 0.379856 0.022500 0.010072
4 0.455000 0.338849 0.020000 0.012950
4 0.422500 0.382734 0.025000 0.011511
4 0.357500 0.474820 0.020000 0.014388
4 0.433750 0.446043 0.022500 0.014388
4 0.377500 0.638848 0.025000 0.017266
4 0.382500 0.714388 0.025000 0.017266
4 0.411250 0.728058 0.027500 0.018705
4 0.413750 0.956834 0.037500 0.021583
4 0.463750 0.805755 0.017500 0.014388
4 0.471250 0.603597 0.027500 0.015827
4 0.456250 0.558993 0.027500 0.011511
4 0.478750 0.078417 0.012500 0.008633
4 0.546250 0.042446 0.012500 0.008633
4 0.511250 0.084172 0.012500 0.004316
4 0.541250 0.117266 0.017500 0.010072
4 0.575000 0.074101 0.015000 0.010072
4 0.498750 0.152518 0.017500 0.011511
4 0.535000 0.208633 0.010000 0.007194
4 0.508750 0.250360 0.022500 0.010072
4 0.562500 0.310791 0.020000 0.011511
4 0.487500 0.377697 0.020000 0.014388
4 0.557500 0.361151 0.020000 0.011511
4 0.538750 0.391366 0.022500 0.015827
4 0.497500 0.468345 0.020000 0.012950
4 0.630000 0.017986 0.015000 0.007194
4 0.642500 0.099281 0.015000 0.010072
4 0.668750 0.078417 0.012500 0.008633
4 0.695000 0.096403 0.010000 0.008633
4 0.705000 0.102878 0.015000 0.010072
4 0.737500 0.120144 0.015000 0.011511
4 0.711250 0.214389 0.017500 0.010072
4 0.637500 0.307914 0.020000 0.010072
4 0.606250 0.407194 0.022500 0.012950
4 0.672500 0.397122 0.020000 0.011511
4 0.598750 0.536690 0.027500 0.012950
4 0.606250 0.778417 0.032500 0.018705
4 0.550000 0.889209 0.035000 0.020144
4 0.648750 0.846763 0.032500 0.018705
4 0.768750 0.020863 0.017500 0.008633
4 0.822500 0.087770 0.015000 0.011511
4 0.823750 0.153237 0.012500 0.010072
4 0.828750 0.182014 0.017500 0.010072
4 0.777500 0.252518 0.020000 0.012950
4 0.821250 0.317986 0.017500 0.011511
4 0.698750 0.438849 0.022500 0.014388
4 0.733750 0.414388 0.022500 0.012950
4 0.720000 0.475539 0.025000 0.012950
4 0.728750 0.553237 0.022500 0.015827
4 0.701250 0.570503 0.027500 0.017266
4 0.760000 0.935252 0.035000 0.021583
4 0.905000 0.992086 0.040000 0.015827
4 0.968750 0.994245 0.037500 0.011511
4 0.911250 0.822302 0.032500 0.017266
4 0.943750 0.802878 0.027500 0.020144
4 0.946250 0.620863 0.027500 0.017266
4 0.946250 0.549640 0.027500 0.015827
4 0.997500 0.503597 0.010000 0.014388
4 0.900000 0.485612 0.020000 0.007194
4 0.916250 0.449640 0.022500 0.014388
4 0.883750 0.388489 0.022500 0.014388
4 0.927500 0.334532 0.020000 0.014388
4 0.873750 0.335252 0.022500 0.012950
4 0.853750 0.295683 0.017500 0.012950
4 0.911250 0.283453 0.012500 0.008633
4 0.857500 0.235252 0.020000 0.011511
4 0.872500 0.178417 0.015000 0.010072
4 0.963750 0.192806 0.012500 0.010072
4 0.985000 0.117266 0.015000 0.010072
4 0.897500 0.082015 0.015000 0.008633
4 0.871250 0.052518 0.012500 0.010072
4 0.932500 0.061151 0.015000 0.007194
